387 Водомоторика 101 122
388 Рыбалка 1 70
395 ОдеждаИОбувь 21 22
400 Прикормки 31 32
401 Катушки 13 14
403 Удилища 11 12
428 Туризм 71 100
429 ПалаткиИШатры 73 74
473 ЗимняяРыбалка 9 10
476 Доставка 123 124
480 ЛескаИШнуры 19 20
481 РыболовныеНаборы 5 6
482 ПодаркиРыболовам 7 8
483 Контакты 125 126
487 Приманки 15 16
488 ЖиваяНасадка 29 30
490 Аксессуары 25 26
501 СпальныеМешки 75 76
502 Коврики 77 78
503 СумкиИРюкзаки 81 82
504 ПосудаИСтоловыеПриборы 83 84
506 КемпинговаяМебель 79 80
507 ТермосыИТермокружки 85 86
509 Фонари 95 96
510 Электричество 97 98
511 ГазовоеОборудование 87 88
512 СредстваОтКомаров 93 94
513 Мангалы,Коптильни 89 90
514 Аксессуары 91 92
517 Лодки 111 112
518 БензиновыеМоторы 105 106
519 Электромоторы 115 116
520 КомплектыЛодка+Мотор 109 110
521 Электроника 117 118
522 Аксессуары 103 104
524 Якоря 119 120
525 Гермосумки 107 108
526 Спасжилеты 113 114
1374 ГлавноеМеню 2 33
1378 ОсновноеМеню 72 99
1379 ГлавноеМеню 102 121
1390 ПоВидамЛовли 34 47
1391 ЛовляНаСпиннинг 39 40
1392 ПоплавочнаяУдочка 45 46
1393 ЛовляНаФидер 41 42
1394 Карпфишинг 37 38
1395 Нахлыст 43 44
1396 Джеркбейт 35 36
2797 ПоВидамРыб 48 69
2798 ЛовляЩуки 67 68
2799 ЛовляОкуня 57 58
2800 ЛовляСудака 63 64
2801 ЛовляГолавля 49 50
2802 ЛовляФорели 65 66
2803 ЛовляКарася 51 52
2804 ЛовляКарпаИСазана 53 54
2805 ЛовляЛеща 55 56
2806 ЛовляПлотвы 59 60
2808 ЛовляСома 61 62
2850 Оснастка 17 18
2851 Снаряжение 23 24
3766 Ароматика 27 28
13170 ЗимняяРыбалка 3 4